{"data": [
    {
      "id": 1,
      "title": "Danau Toba",
      "category": "Wisata",
      "location": "Sumatera Utara",
      "image": "",
      "shortdesc": "Danau vulkanik terbesar di Indonesia",
      "longdesc": "Danau vulkanik terbesar di Indonesia dengan budaya Batak yang khas"
    },
    {
      "id": 2,
      "title": "Borobudur",
      "category": "Budaya",
      "location": "Jawa Tengah",
      "image": "",
      "shortdesc": "Candi Buddha terbesar di dunia",
      "longdesc": "Candi Buddha terbesar di dunia dan situs warisan UNESCO"
    },
    {
      "id": 3,
      "title": "Raja Ampat",
      "category": "Wisata",
      "location": "Papua Barat",
      "image": "",
      "shortdesc": "Keanekaragaman laut yang luar biasa",
      "longdesc": "Kepulauan dengan keanekaragaman laut yang luar biasa"
    },
    {
      "id": 4,
      "title": "Bromo",
      "category": "Wisata",
      "location": "Jawa Timur",
      "image": "",
      "shortdesc": "Gunung berapi aktif dengan panorama indah",
      "longdesc": "Gunung berapi aktif dengan pemandangan matahari terbit yang indah"
    },
    {
      "id": 5,
      "title": "Ubud",
      "category": "Budaya",
      "location": "Bali",
      "image": "",
      "shortdesc": "Pusat seni dan budaya Bali",
      "longdesc": "Pusat seni dan budaya Bali dengan pemandangan sawah yang hijau"
    },
    {
      "id": 8,
      "title": "Toba Samosir",
      "category": "Budaya",
      "location": "Sumatera Utara",
      "image": "",
      "shortdesc": "Tradisi Batak di sekitar Danau Toba",
      "longdesc": "Wilayah dengan tradisi Batak yang kuat di sekitar Danau Toba"
    },
    {
      "id": 9,
      "title": "Derawan",
      "category": "Wisata",
      "location": "Kalimantan Timur",
      "image": "",
      "shortdesc": "Pulau eksotis dengan penyu dan ubur-ubur",
      "longdesc": "Pulau eksotis dengan penyu, ubur-ubur, dan pantai pasir putih"
    },
    {
      "id": 11,
      "title": "Lombok",
      "category": "Wisata",
      "location": "Nusa Tenggara Barat",
      "image": "",
      "shortdesc": "Pantai dan gunung Rinjani",
      "longdesc": "Pantai dan gunung Rinjani dengan panorama spektakuler"
    },
    {
      "id": 13,
      "title": "Bukittinggi",
      "category": "Budaya",
      "location": "Sumatera Barat",
      "image": "",
      "shortdesc": "Kota budaya Minangkabau",
      "longdesc": "Kota budaya Minangkabau dengan Jam Gadang dan Ngarai Sianok"
    },
    {
      "id": 14,
      "title": "Pulau Komodo",
      "category": "Wisata",
      "location": "Nusa Tenggara Timur",
      "image": "",
      "shortdesc": "Habitat asli komodo",
      "longdesc": "Habitat asli komodo dengan savana dan laut jernih"
    },
    {
      "id": 17,
      "title": "Puncak",
      "category": "Wisata",
      "location": "Jawa Barat",
      "image": "",
      "shortdesc": "Pegunungan dengan kebun teh",
      "longdesc": "Daerah pegunungan dengan kebun teh dan udara sejuk"
    },
    {
      "id": 19,
      "title": "Karimunjawa",
      "category": "Wisata",
      "location": "Jawa Tengah",
      "image": "",
      "shortdesc": "Kepulauan tropis dengan laut biru",
      "longdesc": "Kepulauan tropis dengan laut biru dan ekosistem laut alami"
    },
    {
      "id": 20,
      "title": "Candi Prambanan",
      "category": "Budaya",
      "location": "Yogyakarta",
      "image": "",
      "shortdesc": "Kompleks candi Hindu terbesar",
      "longdesc": "Kompleks candi Hindu terbesar di Indonesia"
    }
  ]
  
  , "cosine_sim": [[1.0000000000000002, 0.04169499436647555, 0.03217241749206121, 0.03123517728078843, 0.0728278618266121, 0.0, 0.17271949310206322, 0.538009580950545, 0.027084512025969697, 0.0, 0.03320751757049677, 0.0, 0.15277066090359853, 0.027768297703831567, 0.0, 0.09880390210629156, 0.031992170828683206, 0.0, 0.030781234222256253, 0.11778799760492012], [0.04169499436647555, 1.0, 0.0, 0.04787046818687148, 0.07689921315703055, 0.06026070072437213, 0.1389861887121124, 0.03669996611324306, 0.0, 0.0, 0.0, 0.0, 0.08423811563243276, 0.0, 0.10842516425554027, 0.03686631794386305, 0.049030622817223216, 0.0, 0.11068933700048977, 0.24149422799727865], [0.03217241749206121, 0.0, 1.0000000000000002, 0.032386490963571705, 0.0, 0.0591738410797171, 0.03165479820428718, 0.0, 0.028082834174318335, 0.0, 0.1017167006026515, 0.0, 0.06350990245046055, 0.08505603039401413, 0.0, 0.0, 0.0979940176166975, 0.0, 0.24793476413193427, 0.0], [0.03123517728078843, 0.04787046818687148, 0.032386490963571705, 1.0000000000000002, 0.08238077807648475, 0.0, 0.20696419689788942, 0.0, 0.08054473337450219, 0.0, 0.1112744302142257, 0.0, 0.0, 0.08257819571105375, 0.044054461296063635, 0.0, 0.07894876507059645, 0.0, 0.0759604730235162, 0.0], [0.0728278618266121, 0.07689921315703055, 0.0, 0.08238077807648475, 1.0, 0.15404894526824822, 0.0, 0.06410313999911785, 0.0, 0.0, 0.0, 0.0, 0.1471371309440847, 0.0, 0.0, 0.06439370361038764, 0.0, 0.0, 0.0, 0.0767662536088167], [0.0, 0.06026070072437213, 0.0591738410797171, 0.0, 0.15404894526824822, 1.0, 0.0, 0.0, 0.0, 0.0, 0.0, 0.0, 0.0, 0.05107346489539567, 0.055457003206490336, 0.0, 0.0, 0.0, 0.16984522806420707, 0.0], [0.17271949310206322, 0.1389861887121124, 0.03165479820428718, 0.20696419689788942, 0.0, 0.0, 0.9999999999999999, 0.06257787258263081, 0.07872502409278609, 0.0, 0.10876045934369083, 0.0, 0.0, 0.08071254537108573, 0.04305915957039143, 0.0, 0.07716511275020194, 0.0, 0.16086386249519086, 0.0], [0.538009580950545, 0.03669996611324306, 0.0, 0.0, 0.06410313999911785, 0.0, 0.06257787258263081, 1.0000000000000004, 0.0, 0.0, 0.0, 0.0, 0.13446885323883884, 0.0, 0.0, 0.03073174150145882, 0.0, 0.0, 0.0, 0.03663651148589965], [0.027084512025969697, 0.0, 0.028082834174318335, 0.08054473337450219, 0.0, 0.0, 0.07872502409278609, 0.0, 1.0, 0.0, 0.09648780335797243, 0.0, 0.0, 0.07160484842820329, 0.0, 0.0, 0.027925499489743644, 0.06601807247544154, 0.026868490580721147, 0.0], [0.0, 0.0, 0.0, 0.0, 0.0, 0.0, 0.0, 0.0, 0.0, 1.0000000000000009, 0.0, 0.04598307511792286, 0.0, 0.0, 0.04561408479231222, 0.041504793152052064, 0.0, 0.0, 0.0, 0.0], [0.03320751757049677, 0.0, 0.1017167006026515, 0.1112744302142257, 0.0, 0.0, 0.10876045934369083, 0.0, 0.09648780335797243, 0.0, 1.0, 0.0, 0.065553239884588, 0.19970911625644944, 0.0, 0.0, 0.10114683059216903, 0.08094280227742312, 0.03294266007807389, 0.0], [0.0, 0.0, 0.0, 0.0, 0.0, 0.0, 0.0, 0.0, 0.0, 0.04598307511792286, 0.0, 1.0000000000000002, 0.0, 0.0, 0.14219434531971392, 0.05251921721690785, 0.0, 0.0, 0.0, 0.09163388468202116], [0.15277066090359853, 0.08423811563243276, 0.06350990245046055, 0.0, 0.1471371309440847, 0.0, 0.0, 0.13446885323883884, 0.0, 0.0, 0.065553239884588, 0.0, 1.0, 0.0, 0.0, 0.07053913854301262, 0.06315408685124477, 0.0, 0.0, 0.08409246704466368], [0.027768297703831567, 0.0, 0.08505603039401413, 0.08257819571105375, 0.0, 0.05107346489539567, 0.08071254537108573, 0.0, 0.07160484842820329, 0.0, 0.19970911625644944, 0.0, 0.0, 1.0000000000000002, 0.0, 0.0, 0.028630517050330172, 0.0, 0.1352093393089734, 0.0], [0.0, 0.10842516425554027, 0.0, 0.044054461296063635, 0.0, 0.055457003206490336, 0.04305915957039143, 0.0, 0.0, 0.04561408479231222, 0.0, 0.14219434531971392, 0.0, 0.0, 1.0000000000000002, 0.05209777774136201, 0.04512213389664824, 0.0, 0.10186570755354271, 0.0], [0.09880390210629156, 0.03686631794386305, 0.0, 0.0, 0.06439370361038764, 0.0, 0.0, 0.03073174150145882, 0.0, 0.041504793152052064, 0.0, 0.05251921721690785, 0.07053913854301262, 0.0, 0.05209777774136201, 1.0000000000000004, 0.0, 0.3285231271502525, 0.0, 0.10414702857390087], [0.031992170828683206, 0.049030622817223216, 0.0979940176166975, 0.07894876507059645, 0.0, 0.0, 0.07716511275020194, 0.0, 0.027925499489743644, 0.0, 0.10114683059216903, 0.0, 0.06315408685124477, 0.028630517050330172, 0.04512213389664824, 0.0, 1.0, 0.0, 0.07780139703867153, 0.0], [0.0, 0.0, 0.0, 0.0, 0.0, 0.0, 0.0, 0.0, 0.06601807247544154, 0.0, 0.08094280227742312, 0.0, 0.0, 0.0, 0.0, 0.3285231271502525, 0.0, 1.0, 0.0, 0.0], [0.030781234222256253, 0.11068933700048977, 0.24793476413193427, 0.0759604730235162, 0.0, 0.16984522806420707, 0.16086386249519086, 0.0, 0.026868490580721147, 0.0, 0.03294266007807389, 0.0, 0.0, 0.1352093393089734, 0.10186570755354271, 0.0, 0.07780139703867153, 0.0, 1.0, 0.0], [0.11778799760492012, 0.24149422799727865, 0.0, 0.0, 0.0767662536088167, 0.0, 0.0, 0.03663651148589965, 0.0, 0.0, 0.0, 0.09163388468202116, 0.08409246704466368, 0.0, 0.0, 0.10414702857390087, 0.0, 0.0, 0.0, 1.0]], "vectorizer_vocab": {"danau": 28, "toba": 130, "alam": 1, "sumatera": 118, "utara": 137, "vulkanik": 138, "indonesia": 46, "budaya": 23, "batak": 13, "khas": 60, "borobudur": 20, "jawa": 50, "tengah": 125, "candi": 26, "buddha": 24, "dunia": 31, "situs": 115, "warisan": 139, "unesco": 136, "raja": 98, "ampat": 3, "papua": 85, "barat": 12, "kepulauan": 59, "keanekaragaman": 57, "laut": 68, "luar": 73, "biasa": 18, "bromo": 21, "timur": 129, "gunung": 37, "berapi": 16, "aktif": 0, "pemandangan": 88, "matahari": 76, "terbit": 127, "indah": 45, "ubud": 133, "bali": 10, "pusat": 96, "seni": 112, "sawah": 107, "hijau": 40, "tanah": 121, "lot": 72, "religi": 100, "pura": 94, "ikonik": 44, "atas": 9, "batu": 14, "karang": 53, "kawah": 55, "ijen": 43, "api": 5, "biru": 19, "asam": 7, "tertinggi": 128, "samosir": 104, "wilayah": 140, "tradisi": 131, "kuat": 65, "sekitar": 110, "derawan": 29, "kalimantan": 52, "eksotis": 33, "penyu": 90, "ubur": 134, "pantai": 84, "pasir": 86, "putih": 97, "leang": 70, "sejarah": 108, "sulawesi": 117, "selatan": 111, "goa": 36, "purba": 95, "lukisan": 74, "tangan": 122, "manusia": 75, "ribuan": 101, "tahun": 119, "lalu": 67, "lombok": 71, "nusa": 82, "tenggara": 126, "rinjani": 102, "panorama": 83, "spektakuler": 116, "kotagede": 64, "yogyakarta": 141, "kawasan": 56, "kuno": 66, "peninggalan": 89, "mataram": 77, "islam": 47, "arsitektur": 6, "klasik": 61, "bukittinggi": 25, "minangkabau": 79, "jam": 49, "gadang": 34, "ngarai": 81, "sianok": 114, "komodo": 62, "habitat": 38, "asli": 8, "savana": 106, "jernih": 51, "lawang": 69, "sewu": 113, "gedung": 35, "bersejarah": 17, "belanda": 15, "banyak": 11, "pintu": 91, "taman": 120, "mini": 80, "dki": 30, "jakarta": 48, "tematik": 124, "sabang": 103, "sampai": 105, "merauke": 78, "puncak": 93, "daerah": 27, "pegunungan": 87, "kebun": 58, "teh": 123, "udara": 135, "sejuk": 109, "ancol": 4, "rekreasi": 99, "hiburan": 39, "buatan": 22, "ibu": 42, "karimunjawa": 54, "tropis": 132, "ekosistem": 32, "alami": 2, "prambanan": 92, "kompleks": 63, "hindu": 41}}